 ASN    559   136.42    37.23    49.38    87.04     76.2     o
 GLN    560     0.00     0.00     0.00     0.00      0.0     i
 PHE    561    43.06    37.70    20.67    22.39     12.4     i
 VAL    562    97.16    88.05     9.12    88.04     72.0     o
 MET    563     2.04     0.00     2.04     0.00      0.0     i
 PRO    564    22.29    22.29    12.24    10.04      9.5     i
 ASP    565    84.69    28.86    11.76    72.94     64.5     o
 LEU    566     0.00     0.00     0.00     0.00      0.0     i
 SER    567    70.24    33.52    19.66    50.57     65.3     o
 GLY    568    25.00    20.26    25.00     0.00     28.7      
 MET    569    46.71    46.71     6.08    40.63     25.7      
 PHE    570    86.16    86.15     0.01    86.15     47.8      
 TRP    571    85.05    66.01     9.43    75.63     33.7      
 VAL    572     0.00     0.00     0.00     0.00      0.0     i
 ASP    573    79.08    14.22     3.97    75.11     66.5     o
 ALA    574     0.00     0.00     0.00     0.00      0.0     i
 GLU    575    46.46     5.22     0.00    46.46     32.9      
 PRO    576    79.79    77.28     6.30    73.49     69.9     o
 ARG    577    98.50    43.83     8.13    90.38     46.2      
 LEU    578     0.00     0.00     0.00     0.00      0.0     i
 ARG    579    87.74    57.39    12.84    74.89     38.3      
 ALA    580    92.56    64.91    42.04    50.52     77.8     o
 LEU    581    79.88    62.82    22.15    57.73     39.5      
 GLY    582    21.45    21.45    21.45     0.00     24.6      
 TRP    583     1.27     0.00     1.27     0.00      0.0     i
 THR    584    87.93    59.36    25.90    62.04     58.4     o
 GLY    585     8.60     5.12     8.60     0.00      9.9     i
 MET    586   138.48   138.45     6.78   131.69     83.2     o
 LEU    587    39.97    26.80    13.18    26.80     18.3     i
 ASP    588    57.59    13.62     4.89    52.70     46.6      
 LYS    589   130.97    86.72    28.57   102.40     62.2     o
 GLY    590    24.42    21.34    24.42     0.00     28.0      
 ALA    591    75.74    72.89    17.22    58.52     90.2     o
 ASP    592    66.33    14.52    16.56    49.77     44.0      
 VAL    593    36.20    36.20     3.01    33.19     27.1      
 ASP    594   109.92    26.56    25.48    84.44     74.7     o
 ALA    595    40.58    29.83    23.72    16.85     26.0      
 GLY    596    49.58    46.13    49.58     0.00     56.9     o
 GLY    597    68.78    50.36    68.78     0.00     78.9     o
 SER    598    95.94    69.57    24.10    71.84     92.8     o
 GLN    599    49.81    11.95     0.00    49.81     34.7      
 HIS    600   107.09    82.51     2.13   104.96     67.9     o
 ASN    601    69.15     8.60     0.74    68.41     59.9     o
 ARG    602    70.21    15.74     0.00    70.21     35.9      
 VAL    603     2.29     0.61     1.67     0.61      0.5     i
 VAL    604    56.01    30.24    29.58    26.44     21.6      
 TYR    605     0.00     0.00     0.00     0.00      0.0     i
 GLN    606    44.57    15.91    31.06    13.52      9.4     i
 ASN    607    78.88    18.00     0.02    78.86     69.0     o
 PRO    608    19.49    19.49     0.18    19.32     18.4     i
 PRO    609    84.14    84.14     1.64    82.50     78.4     o
 ALA    610    50.69    30.78    19.90    30.78     47.4      
 GLY    611    59.17    33.84    59.17     0.00     67.9     o
 THR    612    54.20    43.37     7.86    46.34     43.6      
 GLY    613    24.40     6.77    24.40     0.00     28.0      
 VAL    614    11.33    11.26     3.44     7.89      6.5     i
 ASN    615    80.01    14.77     1.52    78.50     68.7     o
 ARG    616   123.94    59.04     0.61   123.33     63.1     o
 ASP    617   103.68    27.10    11.86    91.83     81.3     o
 GLY    618    18.69    18.69    18.69     0.00     21.4      
 ILE    619   103.13    91.26    11.86    91.26     62.0     o
 ILE    620     0.00     0.00     0.00     0.00      0.0     i
 THR    621    36.46    26.56     0.00    36.46     34.3      
 LEU    622     0.02     0.02     0.02     0.00      0.0     i
 ARG    623    89.35    37.47     0.00    89.35     45.7      
 PHE    624     4.80     4.72     0.08     4.72      2.6     i
 GLY    625     2.58     0.11     2.58     0.00      3.0     i
 GLN    626   115.17    25.29    16.52    98.65     68.7     o