  5   -0.022 
  6   -0.156 
  7   -0.189 
  8    0.022 
  9   -0.022 
 10    0.322 
 11    0.922 
 12    0.922 
 13    0.356 
 14    0.611 
 15    0.400 
 16    0.989 
 17    0.178 
 18    0.089 
 19   -0.367 
 20   -0.156 
 21   -0.967 
 22   -0.667 
 23   -0.711 
 24   -0.367 
 25   -0.667 
 26   -0.356 
 27   -0.222 
 28    0.489 
 29    0.489 
 30    0.600 
 31   -0.033 
 32   -0.500 
 33   -0.256 
 34   -0.544 
 35    0.000 
 36   -0.344 
 37   -0.356 
 38   -0.822 
 39   -0.478 
 40   -0.133 
 41   -0.478 
 42   -1.033 
 43   -1.033 
 44   -2.000 
 45   -1.144 
 46   -0.878 
 47   -0.978 
 48   -1.322 
 49   -1.622 
 50   -1.411 
 51   -1.233 
 52   -0.644 
 53   -0.189 
 54   -0.733 
 55   -1.244 
 56   -0.633 
 57   -0.633 
 58   -0.744 
 59   -0.956 
 60   -0.822 
 61   -0.522 
 62    0.022 
 63    0.022 
 64    0.489 
 65   -0.478 
 66    0.222 
 67    0.678 
 68    0.678 
